91
39
115
101
114
118
105
99
105
111
39
44
32
39
97
39
44
32
39
108
97
39
44
32
39
104
97
98
105
116
97
99
105
195
179
110
44
39
44
32
39
99
111
110
39
44
32
39
112
105
108
101
116
97
39
44
32
39
99
108
105
109
97
116
105
122
97
100
97
44
39
44
32
39
99
111
110
39
44
32
39
117
110
39
44
32
39
114
101
115
116
97
117
114
97
110
116
101
39
44
32
39
39
93
91
39
100
101
39
44
32
39
99
97
116
101
103
111
114
195
92
120
97
100
97
44
39
44
32
39
101
110
116
114
101
39
44
32
39
111
116
114
97
115
39
44
32
39
99
111
115
97
115
46
76
97
39
44
32
39
102
97
109
111
115
97
39
44
32
39
98
97
110
100
97
39
44
32
39
100
101
39
44
32
39
114
111
99
107
39
44
32
39
115
101
39
44
32
39
115
101
112
97
114
195
179
44
39
44
32
39
97
108
39
93
91
39
39
44
32
39
109
101
110
111
115
39
44
32
39
112
111
114
39
44
32
39
117
110
39
44
32
39
116
105
101
109
112
111
46
39
44
32
39
76
111
115
39
44
32
39
105
110
116
101
103
114
97
110
116
101
115
39
44
32
39
100
101
99
108
97
114
97
114
111
110
39
44
32
39
101
110
39
44
32
39
100
105
118
101
114
115
111
115
39
44
32
39
109
101
100
105
111
115
39
44
32
39
39
93
91
39
113
117
101
39
44
32
39
110
111
39
44
32
39
104
117
98
111
39
44
32
39
117
110
97
39
44
32
39
112
101
108
101
97
44
39
44
32
39
115
105
110
111
39
44
32
39
113
117
101
39
44
32
39
113
117
105
101
114
101
110
39
44
32
39
116
114
97
98
97
106
97
114
39
44
32
39
117
110
39
44
32
39
116
105
101
109
112
111
39
44
32
39
99
111
109
111
39
44
32
39
115
111
108
105
116
97
115
46
39
93
91
39
39
44
32
39
65
100
101
109
195
161
115
44
39
44
32
39
101
110
39
44
32
39
117
110
97
39
44
32
39
114
117
101
100
97
39
44
32
39
100
101
39
44
32
39
112
114
101
110
115
97
44
39
44
32
39
101
108
39
44
32
39
114
101
112
114
101
115
101
110
116
97
110
116
101
39
44
32
39
100
105
106
111
39
44
32
39
113
117
101
39
44
32
39
101
115
39
44
32
39
112
114
111
98
97
98
108
101
39
44
32
39
39
93
91
39
113
117
101
39
44
32
39
101
108
39
44
32
39
97
195
177
111
39
44
32
39
112
114
195
179
120
105
109
111
39
44
32
39
108
111
115
39
44
32
39
109
195
186
115
105
99
111
115
39
44
32
39
115
101
39
44
32
39
118
117
101
108
118
97
110
39
44
32
39
97
39
44
32
39
106
117
110
116
97
114
39
44
32
39
112
97
114
97
39
44
32
39
104
97
99
101
114
39
44
32
39
117
110
97
39
44
32
39
103
105
114
97
46
39
93
91
39
69
108
39
44
32
39
104
111
116
101
108
39
44
32
39
100
101
108
39
44
32
39
99
101
110
116
114
111
39
44
32
39
101
115
39
44
32
39
101
108
39
44
32
39
109
195
161
115
39
44
32
39
97
110
116
105
103
117
111
39
44
32
39
100
101
108
39
44
32
39
112
117
101
98
108
111
39
44
32
39
121
39
44
32
39
116
97
109
98
105
195
169
110
39
44
32
39
101
115
39
93
91
39
39
44
32
39
97
113
117
101
108
39
44
32
39
113
117
101
39
44
32
39
116
105
101
110
101
39
44
32
39
109
195
161
115
39
44
32
39
99
111
109
111
100
105
100
97
100
101
115
46
39
44
32
39
69
115
116
101
39
44
32
39
104
111
116
101
108
39
44
32
39
102
117
101
39
44
32
39
99
111
110
115
116
114
117
105
100
111
39
44
32
39
101
110
39
93
91
39
39
44
32
39
49
57
49
49
44
39
44
32
39
112
101
114
111
39
44
32
39
112
114
105
109
101
114
111
39
44
32
39
115
101
39
44
32
39
117
116
105
108
105
122
195
179
39
44
32
39
99
111
109
111
39
44
32
39
99
97
115
97
39
44
32
39
100
101
39
44
32
39
102
97
109
105
108
105
97
46
39
44
32
39
69
110
39
44
32
39
49
57
55
53
39
44
32
39
117
110
39
93
91
39
39
44
32
39
105
110
118
101
114
115
105
111
110
105
115
116
97
39
44
32
39
99
111
109
112
114
195
179
39
44
32
39
101
115
116
97
39
44
32
39
112
114
111
112
105
101
100
97
100
39
44
32
39
121
39
44
32
39
108
97
39
44
32
39
114
101
102
111
114
109
195
179
39
44
32
39
112
97
114
97
39
44
32
39
116
114
97
110
115
102
111
114
109
97
114
108
97
39
44
32
39
39
93
91
39
101
110
39
44
32
39
101
108
39
44
32
39
104
111
116
101
108
39
44
32
39
113
117
101
39
44
32
39
104
111
121
39
44
32
39
99
111
110
111
99
101
109
111
115
46
39
44
32
39
69
115
39
44
32
39
117
110
39
44
32
39
104
111
116
101
108
39
44
32
39
112
101
113
117
101
195
177
111
44
39
44
32
39
112
101
114
111
39
44
32
39
99
117
101
110
116
97
39
44
32
39
99
111
110
39
44
32
39
39
93
